                                         dim        LR       kNN    SVCrbf  SVCpoly1   linSVC1   linSVC2        DT        RF  AdaBoost      MLP1      MLP2        NB       QDA
mfcc/contrast                          189.0  0.597746  0.553051  0.630393  0.610183  0.595803  0.587641  0.475709  0.450447  0.416246  0.532841  0.558881  0.440342  0.518461
mfcc/contrast/chroma                   273.0  0.602021  0.531286  0.629227  0.614846  0.591139  0.591527  0.475709  0.454722  0.416246  0.533618  0.563545  0.390206  0.513408
mfcc/contrast/centroid                 196.0  0.598134  0.552274  0.633890  0.614846  0.602798  0.589584  0.476098  0.439953  0.416246  0.541780  0.572483  0.437621  0.516906
mfcc/contrast/chroma/centroid          280.0  0.604353  0.530120  0.630781  0.612903  0.601244  0.591139  0.475709  0.439176  0.416246  0.545667  0.555771  0.388651  0.513408
mfcc/contrast/chroma/centroid/tonnetz  322.0  0.603576  0.526234  0.631170  0.624951  0.602021  0.589973  0.475709  0.426351  0.416246  0.552662  0.569763  0.390595  0.507190
mfcc/contrast/chroma/centroid/zcr      287.0  0.609017  0.530120  0.628061  0.614846  0.597746  0.596191  0.476875  0.445394  0.416246  0.546444  0.557715  0.389040  0.514186







                                            LR      kNN   SVCrbf SVCpoly1  linSVC1  linSVC2       DT        RF AdaBoost     MLP1     MLP2        NB      QDA
mfcc/contrast                          81.2656  32.6562  148.062  104.375  364.297  165.516  2.90625  0.171875  6.21875  90.0625   40.875  0.171875  1.70312
mfcc/contrast/chroma                   129.516  46.2188  247.781  137.172  795.672  262.641   6.3125   0.28125  15.4062  95.9062   43.875  0.296875  3.01562
mfcc/contrast/centroid                 99.7656  37.2656  162.562  133.094  504.922  217.891   4.3125  0.265625   8.8125  77.8906  41.0938  0.234375  1.70312
mfcc/contrast/chroma/centroid          121.844  35.9375  170.172  131.219  628.672  241.719    5.875   0.28125   13.625  98.2188  54.9688  0.421875   3.6875
mfcc/contrast/chroma/centroid/tonnetz  191.234     51.5  233.359  188.906  748.141  192.609    5.625    0.1875  12.6562  63.3281  42.0469  0.453125  3.71875
mfcc/contrast/chroma/centroid/zcr      123.141  37.1094  176.672   144.75  622.953  210.844  5.67188      0.25  12.8125  79.9531  53.9219   0.34375  3.39062