mfcc/contrast: 


-----------MATRIX--------

kNN: 
[[  0   0   0   0   1   0   1   1   1   1   0   0   0   3   0   0]
 [  0  46   0   0   1   1   5   2   1   5   0   0   0   1   0   0]
 [  0   0   0   0   0   0   3   7   0   2   0   0   0   6   0   0]
 [  0   0   0   0   1   0   0   0   5   0   0   0   0   0   0   0]
 [  0  10   0   0 452   0  10  55   9  13   0   0   4  79   0   0]
 [  0  14   0   0  66  11  16   8  15   4   0   1   3  87   0   0]
 [  0   4   0   0   3   5  47   1   4  16   2   2   2  66   0   0]
 [  0   0   0   0  53   0   1 137   2   2   0   0   2  23   0   0]
 [  0  18   1   0  10   2  69   1  34   3   0   2   1  33   0   0]
 [  0   1   1   0  12   0  26  14   0  34   0   0   0  13   0   1]
 [  0   0   0   0   6   0   5   0   5   4  16   0   0   3   0   0]
 [  0   0   0   0   0   0   0   0   0   0   0  50   0   1   0   0]
 [  0   0   2   0  44   1  10  12   1   8   0   0   4  37   0   0]
 [  0   2   0   0  16   4  20  17   3   8   0   0   3 637   0   1]
 [  0   0   0   0  17   0   0   1   0   0   1   0   0  23   0   0]
 [  0   0   0   0   3   0   0   6   0   2   0   0   0   1   0   0]]

-----------STATS--------

                     precision    recall  f1-score   support

              Blues       0.00      0.00      0.00         8
          Classical       0.48      0.74      0.59        62
            Country       0.00      0.00      0.00        18
     Easy Listening       0.00      0.00      0.00         6
         Electronic       0.66      0.72      0.69       632
       Experimental       0.46      0.05      0.09       225
               Folk       0.22      0.31      0.26       152
            Hip-Hop       0.52      0.62      0.57       220
       Instrumental       0.42      0.20      0.27       174
      International       0.33      0.33      0.33       102
               Jazz       0.84      0.41      0.55        39
Old-Time / Historic       0.91      0.98      0.94        51
                Pop       0.21      0.03      0.06       119
               Rock       0.63      0.90      0.74       711
           Soul-RnB       0.00      0.00      0.00        42
             Spoken       0.00      0.00      0.00        12

        avg / total       0.53      0.57      0.52      2573


-----------MATRIX--------

AdaBoost: 
[[  0   0   0   0   4   0   0   0   0   0   0   0   0   4   0   0]
 [  0   0   0   0  55   0   0   0   0   0   0   0   0   7   0   0]
 [  0   0   0   0   4   0   0   0   0   0   0   0   0  14   0   0]
 [  0   0   0   0   5   0   0   0   0   0   0   0   0   1   0   0]
 [  0   0   0   0 569   0   0   0   0   0   0   0   0  63   0   0]
 [  0   0   0   0 166   0   0   0   0   0   0   0   0  59   0   0]
 [  0   0   0   0 107   0   0   0   0   0   0   0   0  45   0   0]
 [  0   0   0   0 193   0   0   0   0   0   0   0   0  27   0   0]
 [  0   0   0   0 131   0   0   0   0   0   0   0   0  43   0   0]
 [  0   0   0   0  53   0   0   0   0   0   0   0   0  49   0   0]
 [  0   0   0   0  39   0   0   0   0   0   0   0   0   0   0   0]
 [  0   0   0   0  11   0   0   0   0   0   0   0   0  40   0   0]
 [  0   0   0   0  95   0   0   0   0   0   0   0   0  24   0   0]
 [  0   0   0   0 216   0   0   0   0   0   0   0   0 495   0   0]
 [  0   0   0   0  17   0   0   0   0   0   0   0   0  25   0   0]
 [  0   0   0   0  11   0   0   0   0   0   0   0   0   1   0   0]]

-----------STATS--------

                     precision    recall  f1-score   support

              Blues       0.00      0.00      0.00         8
          Classical       0.00      0.00      0.00        62
            Country       0.00      0.00      0.00        18
     Easy Listening       0.00      0.00      0.00         6
         Electronic       0.34      0.90      0.49       632
       Experimental       0.00      0.00      0.00       225
               Folk       0.00      0.00      0.00       152
            Hip-Hop       0.00      0.00      0.00       220
       Instrumental       0.00      0.00      0.00       174
      International       0.00      0.00      0.00       102
               Jazz       0.00      0.00      0.00        39
Old-Time / Historic       0.00      0.00      0.00        51
                Pop       0.00      0.00      0.00       119
               Rock       0.55      0.70      0.62       711
           Soul-RnB       0.00      0.00      0.00        42
             Spoken       0.00      0.00      0.00        12

        avg / total       0.24      0.41      0.29      2573
mfcc/contrast/chroma: 


-----------MATRIX--------

kNN: 
[[  0   0   0   0   1   0   0   1   0   2   0   0   0   4   0   0]
 [  0  52   0   0   1   0   3   2   0   3   0   0   0   1   0   0]
 [  0   0   0   0   0   0   2   4   0   0   0   0   0  10   2   0]
 [  0   3   0   0   1   0   0   0   0   0   0   0   0   2   0   0]
 [  0   6   0   0 421   6  12  64   2  15   3   0   3 100   0   0]
 [  0  14   0   0  60  17  12  11   8  10   0   1   2  90   0   0]
 [  0   4   0   0   3   0  39   0   1  15   0   1   1  88   0   0]
 [  0   0   0   0  47   1   0 136   1   4   0   0   0  31   0   0]
 [  0  26   0   0   8   4  58   2  25   2   0   2   5  42   0   0]
 [  0   1   1   0  10   0  17   6   0  37   0   0   0  30   0   0]
 [  0   2   0   0   3   0   6   0   2   3  19   0   0   4   0   0]
 [  0   1   0   0   0   0   0   0   0   0   0  49   0   1   0   0]
 [  0   0   0   0  39   1   3  12   1  10   2   0   2  49   0   0]
 [  0   3   0   0  19   3  12  14   1   9   0   0   2 646   0   2]
 [  0   0   0   0  10   0   0   4   0   1   1   0   0  26   0   0]
 [  0   0   0   0   3   0   0   1   0   2   0   0   0   1   0   5]]

-----------STATS--------

                     precision    recall  f1-score   support

              Blues       0.00      0.00      0.00         8
          Classical       0.46      0.84      0.60        62
            Country       0.00      0.00      0.00        18
     Easy Listening       0.00      0.00      0.00         6
         Electronic       0.67      0.67      0.67       632
       Experimental       0.53      0.08      0.13       225
               Folk       0.24      0.26      0.25       152
            Hip-Hop       0.53      0.62      0.57       220
       Instrumental       0.61      0.14      0.23       174
      International       0.33      0.36      0.34       102
               Jazz       0.76      0.49      0.59        39
Old-Time / Historic       0.92      0.96      0.94        51
                Pop       0.13      0.02      0.03       119
               Rock       0.57      0.91      0.70       711
           Soul-RnB       0.00      0.00      0.00        42
             Spoken       0.71      0.42      0.53        12

        avg / total       0.53      0.56      0.51      2573


-----------MATRIX--------

AdaBoost: 
[[  0   0   0   0   4   0   0   0   0   0   0   0   0   4   0   0]
 [  0   0   0   0  55   0   0   0   0   0   0   0   0   7   0   0]
 [  0   0   0   0   4   0   0   0   0   0   0   0   0  14   0   0]
 [  0   0   0   0   5   0   0   0   0   0   0   0   0   1   0   0]
 [  0   0   0   0 569   0   0   0   0   0   0   0   0  63   0   0]
 [  0   0   0   0 166   0   0   0   0   0   0   0   0  59   0   0]
 [  0   0   0   0 107   0   0   0   0   0   0   0   0  45   0   0]
 [  0   0   0   0 193   0   0   0   0   0   0   0   0  27   0   0]
 [  0   0   0   0 131   0   0   0   0   0   0   0   0  43   0   0]
 [  0   0   0   0  53   0   0   0   0   0   0   0   0  49   0   0]
 [  0   0   0   0  39   0   0   0   0   0   0   0   0   0   0   0]
 [  0   0   0   0  11   0   0   0   0   0   0   0   0  40   0   0]
 [  0   0   0   0  95   0   0   0   0   0   0   0   0  24   0   0]
 [  0   0   0   0 216   0   0   0   0   0   0   0   0 495   0   0]
 [  0   0   0   0  17   0   0   0   0   0   0   0   0  25   0   0]
 [  0   0   0   0  11   0   0   0   0   0   0   0   0   1   0   0]]

-----------STATS--------

                     precision    recall  f1-score   support

              Blues       0.00      0.00      0.00         8
          Classical       0.00      0.00      0.00        62
            Country       0.00      0.00      0.00        18
     Easy Listening       0.00      0.00      0.00         6
         Electronic       0.34      0.90      0.49       632
       Experimental       0.00      0.00      0.00       225
               Folk       0.00      0.00      0.00       152
            Hip-Hop       0.00      0.00      0.00       220
       Instrumental       0.00      0.00      0.00       174
      International       0.00      0.00      0.00       102
               Jazz       0.00      0.00      0.00        39
Old-Time / Historic       0.00      0.00      0.00        51
                Pop       0.00      0.00      0.00       119
               Rock       0.55      0.70      0.62       711
           Soul-RnB       0.00      0.00      0.00        42
             Spoken       0.00      0.00      0.00        12

        avg / total       0.24      0.41      0.29      2573
mfcc/contrast/centroid: 


-----------MATRIX--------

kNN: 
[[  0   0   0   0   2   0   1   1   0   1   0   0   0   3   0   0]
 [  0  44   0   0   0   1   6   2   3   5   0   0   1   0   0   0]
 [  0   0   0   0   0   0   2   8   0   2   0   0   0   6   0   0]
 [  0   0   0   0   1   0   0   0   5   0   0   0   0   0   0   0]
 [  0   9   0   0 459   1  11  47  13  11   0   0   4  77   0   0]
 [  0  12   0   0  68  11  17   6  17   4   0   1   3  86   0   0]
 [  0   5   0   0   4   3  49   1   3  15   2   1   3  66   0   0]
 [  0   0   0   0  52   0   1 136   2   1   0   0   2  26   0   0]
 [  0  18   0   0   9   4  72   1  34   2   0   2   0  32   0   0]
 [  0   1   1   0  13   0  26  14   0  34   0   0   0  13   0   0]
 [  0   0   0   0   4   0   7   0   5   5  15   0   0   3   0   0]
 [  0   1   0   0   0   0   0   0   0   0   0  49   0   1   0   0]
 [  0   0   2   0  44   1   8  13   1   8   0   0   4  38   0   0]
 [  0   1   0   0  19   5  22  12   5   8   1   0   2 635   0   1]
 [  0   0   0   0  18   0   0   0   0   0   1   0   0  23   0   0]
 [  0   0   0   0   3   0   0   6   0   2   0   0   0   1   0   0]]

-----------STATS--------

                     precision    recall  f1-score   support

              Blues       0.00      0.00      0.00         8
          Classical       0.48      0.71      0.58        62
            Country       0.00      0.00      0.00        18
     Easy Listening       0.00      0.00      0.00         6
         Electronic       0.66      0.73      0.69       632
       Experimental       0.42      0.05      0.09       225
               Folk       0.22      0.32      0.26       152
            Hip-Hop       0.55      0.62      0.58       220
       Instrumental       0.39      0.20      0.26       174
      International       0.35      0.33      0.34       102
               Jazz       0.79      0.38      0.52        39
Old-Time / Historic       0.92      0.96      0.94        51
                Pop       0.21      0.03      0.06       119
               Rock       0.63      0.89      0.74       711
           Soul-RnB       0.00      0.00      0.00        42
             Spoken       0.00      0.00      0.00        12

        avg / total       0.52      0.57      0.52      2573


-----------MATRIX--------

AdaBoost: 
[[  0   0   0   0   4   0   0   0   0   0   0   0   0   4   0   0]
 [  0   0   0   0  55   0   0   0   0   0   0   0   0   7   0   0]
 [  0   0   0   0   4   0   0   0   0   0   0   0   0  14   0   0]
 [  0   0   0   0   5   0   0   0   0   0   0   0   0   1   0   0]
 [  0   0   0   0 569   0   0   0   0   0   0   0   0  63   0   0]
 [  0   0   0   0 166   0   0   0   0   0   0   0   0  59   0   0]
 [  0   0   0   0 107   0   0   0   0   0   0   0   0  45   0   0]
 [  0   0   0   0 193   0   0   0   0   0   0   0   0  27   0   0]
 [  0   0   0   0 131   0   0   0   0   0   0   0   0  43   0   0]
 [  0   0   0   0  53   0   0   0   0   0   0   0   0  49   0   0]
 [  0   0   0   0  39   0   0   0   0   0   0   0   0   0   0   0]
 [  0   0   0   0  11   0   0   0   0   0   0   0   0  40   0   0]
 [  0   0   0   0  95   0   0   0   0   0   0   0   0  24   0   0]
 [  0   0   0   0 216   0   0   0   0   0   0   0   0 495   0   0]
 [  0   0   0   0  17   0   0   0   0   0   0   0   0  25   0   0]
 [  0   0   0   0  11   0   0   0   0   0   0   0   0   1   0   0]]

-----------STATS--------

                     precision    recall  f1-score   support

              Blues       0.00      0.00      0.00         8
          Classical       0.00      0.00      0.00        62
            Country       0.00      0.00      0.00        18
     Easy Listening       0.00      0.00      0.00         6
         Electronic       0.34      0.90      0.49       632
       Experimental       0.00      0.00      0.00       225
               Folk       0.00      0.00      0.00       152
            Hip-Hop       0.00      0.00      0.00       220
       Instrumental       0.00      0.00      0.00       174
      International       0.00      0.00      0.00       102
               Jazz       0.00      0.00      0.00        39
Old-Time / Historic       0.00      0.00      0.00        51
                Pop       0.00      0.00      0.00       119
               Rock       0.55      0.70      0.62       711
           Soul-RnB       0.00      0.00      0.00        42
             Spoken       0.00      0.00      0.00        12

        avg / total       0.24      0.41      0.29      2573
mfcc/contrast/chroma/centroid: 


-----------MATRIX--------

kNN: 
[[  0   0   0   0   2   0   0   1   0   1   0   0   0   4   0   0]
 [  0  51   0   0   1   1   2   1   0   5   0   0   0   1   0   0]
 [  0   0   0   0   0   0   2   3   0   2   0   0   0  10   1   0]
 [  0   2   0   0   1   0   0   0   1   0   0   0   0   2   0   0]
 [  0   6   0   0 420   6  12  63   2  17   4   0   2 100   0   0]
 [  0  13   1   0  60  19  14  12   7   5   0   1   2  91   0   0]
 [  0   6   0   0   3   0  40   1   0  15   2   1   1  83   0   0]
 [  0   0   0   0  49   1   0 133   1   4   0   0   0  32   0   0]
 [  0  21   0   0   9   7  63   0  25   3   0   2   5  39   0   0]
 [  0   1   0   0  11   0  18   6   0  37   0   0   1  28   0   0]
 [  0   2   0   0   3   0   6   0   1   2  19   0   0   6   0   0]
 [  0   1   0   0   0   0   0   0   0   0   0  49   0   1   0   0]
 [  0   1   0   0  37   1   3  10   0  12   1   0   4  49   1   0]
 [  0   3   0   0  21   4  14  15   1   8   0   0   3 640   0   2]
 [  0   1   0   0  12   0   0   4   0   0   0   0   0  25   0   0]
 [  0   0   0   0   3   0   0   2   0   2   0   0   0   1   0   4]]

-----------STATS--------

                     precision    recall  f1-score   support

              Blues       0.00      0.00      0.00         8
          Classical       0.47      0.82      0.60        62
            Country       0.00      0.00      0.00        18
     Easy Listening       0.00      0.00      0.00         6
         Electronic       0.66      0.66      0.66       632
       Experimental       0.49      0.08      0.14       225
               Folk       0.23      0.26      0.25       152
            Hip-Hop       0.53      0.60      0.56       220
       Instrumental       0.66      0.14      0.24       174
      International       0.33      0.36      0.34       102
               Jazz       0.73      0.49      0.58        39
Old-Time / Historic       0.92      0.96      0.94        51
                Pop       0.22      0.03      0.06       119
               Rock       0.58      0.90      0.70       711
           Soul-RnB       0.00      0.00      0.00        42
             Spoken       0.67      0.33      0.44        12

        avg / total       0.54      0.56      0.51      2573


-----------MATRIX--------

AdaBoost: 
[[  0   0   0   0   4   0   0   0   0   0   0   0   0   4   0   0]
 [  0   0   0   0  55   0   0   0   0   0   0   0   0   7   0   0]
 [  0   0   0   0   4   0   0   0   0   0   0   0   0  14   0   0]
 [  0   0   0   0   5   0   0   0   0   0   0   0   0   1   0   0]
 [  0   0   0   0 569   0   0   0   0   0   0   0   0  63   0   0]
 [  0   0   0   0 166   0   0   0   0   0   0   0   0  59   0   0]
 [  0   0   0   0 107   0   0   0   0   0   0   0   0  45   0   0]
 [  0   0   0   0 193   0   0   0   0   0   0   0   0  27   0   0]
 [  0   0   0   0 131   0   0   0   0   0   0   0   0  43   0   0]
 [  0   0   0   0  53   0   0   0   0   0   0   0   0  49   0   0]
 [  0   0   0   0  39   0   0   0   0   0   0   0   0   0   0   0]
 [  0   0   0   0  11   0   0   0   0   0   0   0   0  40   0   0]
 [  0   0   0   0  95   0   0   0   0   0   0   0   0  24   0   0]
 [  0   0   0   0 216   0   0   0   0   0   0   0   0 495   0   0]
 [  0   0   0   0  17   0   0   0   0   0   0   0   0  25   0   0]
 [  0   0   0   0  11   0   0   0   0   0   0   0   0   1   0   0]]

-----------STATS--------

                     precision    recall  f1-score   support

              Blues       0.00      0.00      0.00         8
          Classical       0.00      0.00      0.00        62
            Country       0.00      0.00      0.00        18
     Easy Listening       0.00      0.00      0.00         6
         Electronic       0.34      0.90      0.49       632
       Experimental       0.00      0.00      0.00       225
               Folk       0.00      0.00      0.00       152
            Hip-Hop       0.00      0.00      0.00       220
       Instrumental       0.00      0.00      0.00       174
      International       0.00      0.00      0.00       102
               Jazz       0.00      0.00      0.00        39
Old-Time / Historic       0.00      0.00      0.00        51
                Pop       0.00      0.00      0.00       119
               Rock       0.55      0.70      0.62       711
           Soul-RnB       0.00      0.00      0.00        42
             Spoken       0.00      0.00      0.00        12

        avg / total       0.24      0.41      0.29      2573
mfcc/contrast/chroma/centroid/tonnetz: 


-----------MATRIX--------

kNN: 
[[  0   0   0   0   2   0   0   1   0   1   0   0   0   4   0   0]
 [  0  50   0   0   1   0   6   1   0   1   0   1   0   2   0   0]
 [  0   0   0   0   1   0   1   0   0   0   0   0   0  15   1   0]
 [  0   3   0   0   0   0   0   1   0   0   0   0   0   2   0   0]
 [  0   9   0   0 410   7  12  58   2  14   2   0   4 114   0   0]
 [  0  12   1   0  61  17  14  11   6   8   0   0   3  92   0   0]
 [  0   4   0   0   3   1  42   0   0  15   1   1   1  84   0   0]
 [  0   0   0   0  50   1   0 135   2   4   0   0   0  28   0   0]
 [  0  15   0   0   9   9  72   0  19   4   0   1   1  44   0   0]
 [  0   2   1   0   9   0  21   7   0  30   0   0   0  32   0   0]
 [  0   2   0   0   0   0   9   0   0   3  20   0   1   4   0   0]
 [  0   0   0   0   0   0   0   0   0   0   0  50   0   1   0   0]
 [  0   0   0   0  37   1   7   6   0  15   0   0   2  51   0   0]
 [  0   2   0   0  16   1  19  10   2   1   0   0   2 656   0   2]
 [  0   0   0   0  10   0   0   5   0   0   1   0   0  26   0   0]
 [  0   0   0   0   3   0   0   1   0   1   0   0   0   1   0   6]]

-----------STATS--------

                     precision    recall  f1-score   support

              Blues       0.00      0.00      0.00         8
          Classical       0.51      0.81      0.62        62
            Country       0.00      0.00      0.00        18
     Easy Listening       0.00      0.00      0.00         6
         Electronic       0.67      0.65      0.66       632
       Experimental       0.46      0.08      0.13       225
               Folk       0.21      0.28      0.24       152
            Hip-Hop       0.57      0.61      0.59       220
       Instrumental       0.61      0.11      0.19       174
      International       0.31      0.29      0.30       102
               Jazz       0.83      0.51      0.63        39
Old-Time / Historic       0.94      0.98      0.96        51
                Pop       0.14      0.02      0.03       119
               Rock       0.57      0.92      0.70       711
           Soul-RnB       0.00      0.00      0.00        42
             Spoken       0.75      0.50      0.60        12

        avg / total       0.53      0.56      0.50      2573


-----------MATRIX--------

AdaBoost: 
[[  0   0   0   0   4   0   0   0   0   0   0   0   0   4   0   0]
 [  0   0   0   0  55   0   0   0   0   0   0   0   0   7   0   0]
 [  0   0   0   0   4   0   0   0   0   0   0   0   0  14   0   0]
 [  0   0   0   0   5   0   0   0   0   0   0   0   0   1   0   0]
 [  0   0   0   0 569   0   0   0   0   0   0   0   0  63   0   0]
 [  0   0   0   0 166   0   0   0   0   0   0   0   0  59   0   0]
 [  0   0   0   0 107   0   0   0   0   0   0   0   0  45   0   0]
 [  0   0   0   0 193   0   0   0   0   0   0   0   0  27   0   0]
 [  0   0   0   0 131   0   0   0   0   0   0   0   0  43   0   0]
 [  0   0   0   0  53   0   0   0   0   0   0   0   0  49   0   0]
 [  0   0   0   0  39   0   0   0   0   0   0   0   0   0   0   0]
 [  0   0   0   0  11   0   0   0   0   0   0   0   0  40   0   0]
 [  0   0   0   0  95   0   0   0   0   0   0   0   0  24   0   0]
 [  0   0   0   0 216   0   0   0   0   0   0   0   0 495   0   0]
 [  0   0   0   0  17   0   0   0   0   0   0   0   0  25   0   0]
 [  0   0   0   0  11   0   0   0   0   0   0   0   0   1   0   0]]

-----------STATS--------

                     precision    recall  f1-score   support

              Blues       0.00      0.00      0.00         8
          Classical       0.00      0.00      0.00        62
            Country       0.00      0.00      0.00        18
     Easy Listening       0.00      0.00      0.00         6
         Electronic       0.34      0.90      0.49       632
       Experimental       0.00      0.00      0.00       225
               Folk       0.00      0.00      0.00       152
            Hip-Hop       0.00      0.00      0.00       220
       Instrumental       0.00      0.00      0.00       174
      International       0.00      0.00      0.00       102
               Jazz       0.00      0.00      0.00        39
Old-Time / Historic       0.00      0.00      0.00        51
                Pop       0.00      0.00      0.00       119
               Rock       0.55      0.70      0.62       711
           Soul-RnB       0.00      0.00      0.00        42
             Spoken       0.00      0.00      0.00        12

        avg / total       0.24      0.41      0.29      2573
mfcc/contrast/chroma/centroid/zcr: 


-----------MATRIX--------

kNN: 
[[  0   0   0   0   4   0   0   1   0   0   0   0   0   3   0   0]
 [  0  51   0   0   2   0   3   2   0   3   0   0   0   1   0   0]
 [  0   0   0   0   0   0   1   3   0   3   0   0   0  10   1   0]
 [  0   1   0   0   1   0   0   0   2   0   0   0   0   2   0   0]
 [  0   6   0   0 413   3  14  60   1  20   3   0   4 108   0   0]
 [  0  14   1   0  59  21  15  12   8   5   1   1   1  87   0   0]
 [  0   5   0   0   4   2  41   1   0  12   2   1   3  81   0   0]
 [  0   0   0   0  48   1   0 139   2   2   0   0   0  28   0   0]
 [  0  24   0   0  12   6  62   0  22   0   0   3   3  42   0   0]
 [  0   1   0   0  11   0  16   9   0  37   0   0   1  27   0   0]
 [  0   2   0   0   2   0   4   0   2   3  19   0   0   7   0   0]
 [  0   1   0   0   0   0   0   0   0   0   0  49   0   1   0   0]
 [  0   1   0   0  37   1   4  13   0  15   0   0   2  46   0   0]
 [  0   4   0   0  16   2  14  14   2   8   0   0   3 646   0   2]
 [  0   0   0   0   9   0   0   6   0   0   1   0   0  26   0   0]
 [  0   0   0   0   3   0   0   2   0   2   0   0   0   1   0   4]]

-----------STATS--------

                     precision    recall  f1-score   support

              Blues       0.00      0.00      0.00         8
          Classical       0.46      0.82      0.59        62
            Country       0.00      0.00      0.00        18
     Easy Listening       0.00      0.00      0.00         6
         Electronic       0.67      0.65      0.66       632
       Experimental       0.58      0.09      0.16       225
               Folk       0.24      0.27      0.25       152
            Hip-Hop       0.53      0.63      0.58       220
       Instrumental       0.56      0.13      0.21       174
      International       0.34      0.36      0.35       102
               Jazz       0.73      0.49      0.58        39
Old-Time / Historic       0.91      0.96      0.93        51
                Pop       0.12      0.02      0.03       119
               Rock       0.58      0.91      0.71       711
           Soul-RnB       0.00      0.00      0.00        42
             Spoken       0.67      0.33      0.44        12

        avg / total       0.53      0.56      0.51      2573


-----------MATRIX--------

AdaBoost: 
[[  0   0   0   0   4   0   0   0   0   0   0   0   0   4   0   0]
 [  0   0   0   0  55   0   0   0   0   0   0   0   0   7   0   0]
 [  0   0   0   0   4   0   0   0   0   0   0   0   0  14   0   0]
 [  0   0   0   0   5   0   0   0   0   0   0   0   0   1   0   0]
 [  0   0   0   0 569   0   0   0   0   0   0   0   0  63   0   0]
 [  0   0   0   0 166   0   0   0   0   0   0   0   0  59   0   0]
 [  0   0   0   0 107   0   0   0   0   0   0   0   0  45   0   0]
 [  0   0   0   0 193   0   0   0   0   0   0   0   0  27   0   0]
 [  0   0   0   0 131   0   0   0   0   0   0   0   0  43   0   0]
 [  0   0   0   0  53   0   0   0   0   0   0   0   0  49   0   0]
 [  0   0   0   0  39   0   0   0   0   0   0   0   0   0   0   0]
 [  0   0   0   0  11   0   0   0   0   0   0   0   0  40   0   0]
 [  0   0   0   0  95   0   0   0   0   0   0   0   0  24   0   0]
 [  0   0   0   0 216   0   0   0   0   0   0   0   0 495   0   0]
 [  0   0   0   0  17   0   0   0   0   0   0   0   0  25   0   0]
 [  0   0   0   0  11   0   0   0   0   0   0   0   0   1   0   0]]

-----------STATS--------

                     precision    recall  f1-score   support

              Blues       0.00      0.00      0.00         8
          Classical       0.00      0.00      0.00        62
            Country       0.00      0.00      0.00        18
     Easy Listening       0.00      0.00      0.00         6
         Electronic       0.34      0.90      0.49       632
       Experimental       0.00      0.00      0.00       225
               Folk       0.00      0.00      0.00       152
            Hip-Hop       0.00      0.00      0.00       220
       Instrumental       0.00      0.00      0.00       174
      International       0.00      0.00      0.00       102
               Jazz       0.00      0.00      0.00        39
Old-Time / Historic       0.00      0.00      0.00        51
                Pop       0.00      0.00      0.00       119
               Rock       0.55      0.70      0.62       711
           Soul-RnB       0.00      0.00      0.00        42
             Spoken       0.00      0.00      0.00        12

        avg / total       0.24      0.41      0.29      2573
